converged: true
initial_cost_per_obs: 804.22345650721138
final_cost_per_obs: 18.188876124434913
target_mount_to_target:
  x: 0.19221748563862981
  y: -0.78602260343904018
  z: -0.13131643542732685
  qw: -0.00015932995435424384
  qx: 0.0029843308687328568
  qy: 0.99999381808026944
  qz: -0.0018526155770778052
camera_mount_to_camera:
  x: -0.016508600222446806
  y: -0.051565418251683585
  z: 0.23845607222213361
  qw: 0.99992155699055152
  qx: -0.0022596473027838306
  qy: 0.0082811260010506663
  qz: 0.0091212286350648448
target_mount_to_target_rpy:
  x: -3.137886485694692
  y: -0.00030760030792012516
  z: 3.1356234026641219
camera_mount_to_camera_rpy:
  x: -0.004368487993276997
  y: 0.016602937105476969
  z: 0.018207116620617046
target_mount_to_target_pos:
  x: 0.19221748563862981
  y: -0.78602260343904018
  z: -0.13131643542732685
camera_mount_to_camera_pos:
  x: -0.016508600222446806
  y: -0.051565418251683585
  z: 0.23845607222213361