converged: true
initial_cost_per_obs: 286.68340017539498
final_cost_per_obs: 12.440870056609009
target_mount_to_target_pos:
  x: 0.24777588137469936
  y: 0.5868950859853056
  z: -0.56100964546736565
camera_mount_to_camera_pos:
  x: -0.0091083479940257412
  y: -0.054852277641736787
  z: 0.24868982164918832
target_mount_to_target_rpy:
  x: 0.0059331777903995986
  y: -0.014538622934910771
  z: 1.5218008616086054
camera_mount_to_camera_rpy:
  x: 8.0192814156565184e-05
  y: 0.0038722227265027259
  z: 0.021595390540263121